# This file has been generated automatically Mon Oct 20 11:37:29 2014


fit_fun   p5_20
fit_dist  SEToverPT

bins_SET       0.000000  16.666667  33.333333  50.000000  66.666667  83.333333  100.000000  116.666667  133.333333  150.000000  166.666667  183.333333  200.000000  216.666667  233.333333  250.000000  266.666667  283.333333  300.000000  316.666667  333.333333  350.000000  366.666667  383.333333  400.000000  416.666667  433.333333  450.000000  466.666667  483.333333  500.000000
bins_SEToverPT 0.000000  0.666667  1.333333  2.000000  2.666667  3.333333  4.000000  4.666667  5.333333  6.000000  6.666667  7.333333  8.000000  8.666667  9.333333  10.000000  10.666667  11.333333  12.000000  12.666667  13.333333  14.000000  14.666667  15.333333  16.000000  16.666667  17.333333  18.000000  18.666667  19.333333  20.000000
bins_elpt      
bins_eleta     
bins_lumi      
bins_upar      
bins_ut        

pt0eta0lumi0upar0ut0  3.014882  -28.854351  78.314084  -91.939672  38.929412
